# HIDParser -- Parse a HID Report Descriptor  v1.50.00
# Forever Young Software           Copyright 1984-2020
#
# report7.txt
# use:
#  hidparse report7.txt /a

05 01 09 04 A1 01 85 03 05 09 19 01 29 0E 15 00
25 01 75 01 95 20 55 00 65 00 81 02 05 02 15 00
26 FF 00 A1 00 09 BB 09 BA 75 08 95 02 81 02 C0	
05 01 09 39 15 00 25 07 35 00 46 3B 01 65 14 75
04 95 01 81 02 09 39 15 00 25 07 35 00 46 3B 01
65 14 75 04 95 01 81 02 15 00 26 FF 00 75 08 09
01 A1 00 09 30 09 31 09 32 09 33 09 34 09 35 95
06 81 02 C0 C0 05 01 09 04 A1 01 85 04 09 01 A1
00 05 01 09 30 09 31 16 00 80 26 FF 7f 75 16 95
02 81 82 C0 C0